{"metadata":{"kernelspec":{"name":"ir","display_name":"R","language":"R"},"language_info":{"name":"R","codemirror_mode":"r","pygments_lexer":"r","mimetype":"text/x-r-source","file_extension":".r","version":"4.0.5"}},"nbformat_minor":4,"nbformat":4,"cells":[{"cell_type":"code","source":"# This R environment comes with many helpful analytics packages installed\n# It is defined by the kaggle/rstats Docker image: https://github.com/kaggle/docker-rstats\n# For example, here's a helpful package to load\n\nlibrary(tidyverse) # metapackage of all tidyverse packages\n\n# Input data files are available in the read-only \"../input/\" directory\n# For example, running this (by clicking run or pressing Shift+Enter) will list all files under the input directory\n\nlist.files(path = \"../input\")\n\n# You can write up to 20GB to the current directory (/kaggle/working/) that gets preserved as output when you create a version using \"Save & Run All\" \n# You can also write temporary files to /kaggle/temp/, but they won't be saved outside of the current session","metadata":{"_uuid":"051d70d956493feee0c6d64651c6a088724dca2a","_execution_state":"idle"},"execution_count":null,"outputs":[]},{"cell_type":"code","source":"if (!requireNamespace(\"BiocManager\", quietly = TRUE))\n    install.packages(\"BiocManager\")\nBiocManager::install(\"Biostrings\")\ninstall.packages('ape')\ninstall.packages('seqinr')\ninstall.packages('markovchain')\ninstall.packages('emdist')\nlibrary(seqinr)\nlibrary(ape)\nlibrary(Biostrings)\nlibrary(markovchain)\nlibrary(transport)\nlibrary(emdist)","metadata":{"execution":{"iopub.status.busy":"2023-05-04T16:32:28.293309Z","iopub.execute_input":"2023-05-04T16:32:28.299722Z","iopub.status.idle":"2023-05-04T16:39:31.974494Z"},"trusted":true},"execution_count":1,"outputs":[{"name":"stderr","text":"'getOption(\"repos\")' replaces Bioconductor standard repositories, see\n'help(\"repositories\", package = \"BiocManager\")' for details.\nReplacement repositories:\n    CRAN: http://cran.rstudio.com/\n\nBioconductor version 3.12 (BiocManager 1.30.20), R 4.0.5 (2021-03-31)\n\nInstalling package(s) 'Biostrings'\n\nalso installing the dependencies ‘zlibbioc’, ‘S4Vectors’, ‘IRanges’, ‘XVector’\n\n\nOld packages: 'adabag', 'AICcmodavg', 'alphavantager', 'arrow', 'arules',\n  'baguette', 'BART', 'batchtools', 'bayestestR', 'bestNormalize', 'bigrquery',\n  'blob', 'bnlearn', 'brew', 'brms', 'broom', 'broom.helpers', 'bupaR',\n  'butcher', 'cachem', 'caret', 'chatgpt', 'checkmate', 'chron', 'ckanr',\n  'class', 'cli', 'clusterSim', 'collapse', 'commonmark', 'compositions',\n  'confintr', 'contentid', 'correlation', 'covr', 'credentials', 'crosstable',\n  'Cubist', 'datawizard', 'dbplyr', 'deaR', 'dendextend', 'densEstBayes',\n  'DEoptimR', 'descr', 'deSolve', 'devEMF', 'dials', 'DIMORA', 'discrim',\n  'distributional', 'dm', 'doFuture', 'dplyr', 'dtplyr', 'ellipse', 'embed',\n  'Epi', 'epiR', 'fable', 'fabletools', 'fastmatrix', 'fauxpas', 'feasts',\n  'fedstatAPIr', 'finetune', 'fitdistrplus', 'flexmix', 'flextable', 'FNN',\n  'fontawesome', 'fs', 'gam', 'gapminder', 'gargle', 'gdalUtilities',\n  'gdtools', 'geodata', 'ggbeeswarm', 'ggeasy', 'ggeffects', 'ggfittext',\n  'ggformula', 'ggfortify', 'ggh4x', 'ggimage', 'ggiraph', 'ggmap', 'ggplot2',\n  'ggpp', 'ggsci', 'ggsurvfit', 'ggvenn', 'ggvis', 'gh', 'git2r', 'gitcreds',\n  'glmnet', 'googleAuthR', 'googledrive', 'googlePolylines', 'googlesheets4',\n  'GPArotation', 'graphlayouts', 'greybox', 'gridSVG', 'grImport', 'gss',\n  'gstat', 'gt', 'gtable', 'gtsummary', 'hablar', 'hardhat', 'hexbin', 'hms',\n  'htmltools', 'htmlwidgets', 'icesTAF', 'igraph', 'imager', 'insight',\n  'interp', 'intervals', 'inum', 'ipred', 'jomo', 'keras', 'KernSmooth',\n  'khroma', 'klaR', 'labelled', 'Lahman', 'lares', 'later', 'lattice',\n  'lavaan', 'lawstat', 'leaflet', 'lessR', 'lightgbm', 'littler', 'lme4',\n  'logistf', 'loo', 'magick', 'markdown', 'marqLevAlg', 'MASS', 'MatchIt',\n  'Matrix', 'MDFS', 'measurements', 'memisc', 'metafor', 'microbenchmark',\n  'miscTools', 'missRanger', 'mitml', 'mlr3', 'mlr3cluster', 'mlr3pipelines',\n  'mlr3tuning', 'mlr3tuningspaces', 'mlr3verse', 'modelenv', 'modelr',\n  'modelsummary', 'modeltime', 'modEvA', 'mongolite', 'multcomp', 'multidplyr',\n  'ncvreg', 'networkLite', 'nnet', 'norm', 'np', 'oce', 'officer', 'openair',\n  'OpenMx', 'openssl', 'osmdata', 'osrm', 'paradox', 'parallelly',\n  'parameters', 'parsnip', 'party', 'partykit', 'penalizedSVM', 'performance',\n  'pillar', 'plm', 'posterior', 'precrec', 'printr', 'processx', 'prodlim',\n  'profvis', 'ps', 'psych', 'psychTools', 'qpdf', 'qtl', 'quanteda',\n  'quantmod', 'quantreg', 'ranger', 'RcppArmadillo', 'RCurl', 'reactable',\n  'readtext', 'recipes', 'rgdal', 'rgl', 'rlang', 'rlas', 'RMariaDB',\n  'rmarkdown', 'robustbase', 'robustlmm', 'ROI', 'rqPen', 'RSQLite',\n  'rstanarm', 'rstantools', 'rules', 'runner', 's2', 'sass', 'scattermore',\n  'scatterplot3d', 'sccore', 'scorecard', 'see', 'segmented', 'seqinr',\n  'seriation', 'servr', 'sf', 'sfsmisc', 'showtext', 'sits', 'sjSDM', 'smoof',\n  'sn', 'SnowballC', 'spacetime', 'sparklyr', 'spatstat', 'spatstat.data',\n  'spatstat.explore', 'spatstat.geom', 'spatstat.linnet', 'spatstat.model',\n  'spatstat.random', 'spatstat.sparse', 'spatstat.utils', 'spbabel',\n  'splitTools', 'stacks', 'stars', 'survey', 'survival', 'svd', 'tables',\n  'TAF', 'terra', 'testthat', 'textrecipes', 'TH.data', 'themis', 'tibble',\n  'tictoc', 'tidybayes', 'tidymodels', 'tidyquant', 'tidySEM', 'tidystats',\n  'timetk', 'tinytex', 'TMB', 'topicmodels', 'torch', 'torchopt',\n  'torchvision', 'TraMineR', 'truncnorm', 'tsbox', 'tseries', 'tsfknn', 'TSP',\n  'tune', 'tuneR', 'units', 'V8', 'validate', 'vars', 'vcdExtra', 'vctrs',\n  'VGAM', 'viridis', 'viridisLite', 'vitae', 'vroom', 'vtable', 'waldo', 'wk',\n  'wooldridge', 'workflowsets', 'WVPlots', 'xefun', 'xfun', 'xgboost', 'XML',\n  'xml2', 'xts', 'yardstick', 'yorkr', 'zip', 'zoo', 'boot', 'cluster',\n  'codetools', 'foreign', 'mgcv', 'nlme', 'rpart', 'spatial'\n\nInstalling package into ‘/usr/local/lib/R/site-library’\n(as ‘lib’ is unspecified)\n\nInstalling package into ‘/usr/local/lib/R/site-library’\n(as ‘lib’ is unspecified)\n\nInstalling package into ‘/usr/local/lib/R/site-library’\n(as ‘lib’ is unspecified)\n\nInstalling package into ‘/usr/local/lib/R/site-library’\n(as ‘lib’ is unspecified)\n\n\nAttaching package: ‘ape’\n\n\nThe following objects are masked from ‘package:seqinr’:\n\n    as.alignment, consensus\n\n\nLoading required package: BiocGenerics\n\nLoading required package: parallel\n\n\nAttaching package: ‘BiocGenerics’\n\n\nThe following objects are masked from ‘package:parallel’:\n\n    clusterApply, clusterApplyLB, clusterCall, clusterEvalQ,\n    clusterExport, clusterMap, parApply, parCapply, parLapply,\n    parLapplyLB, parRapply, parSapply, parSapplyLB\n\n\nThe following objects are masked from ‘package:stats’:\n\n    IQR, mad, sd, var, xtabs\n\n\nThe following objects are masked from ‘package:base’:\n\n    anyDuplicated, append, as.data.frame, basename, cbind, colnames,\n    dirname, do.call, duplicated, eval, evalq, Filter, Find, get, grep,\n    grepl, intersect, is.unsorted, lapply, Map, mapply, match, mget,\n    order, paste, pmax, pmax.int, pmin, pmin.int, Position, rank,\n    rbind, Reduce, rownames, sapply, setdiff, sort, table, tapply,\n    union, unique, unsplit, which.max, which.min\n\n\nLoading required package: S4Vectors\n\nLoading required package: stats4\n\n\nAttaching package: ‘S4Vectors’\n\n\nThe following object is masked from ‘package:base’:\n\n    expand.grid\n\n\nLoading required package: IRanges\n\nLoading required package: XVector\n\n\nAttaching package: ‘Biostrings’\n\n\nThe following object is masked from ‘package:ape’:\n\n    complement\n\n\nThe following object is masked from ‘package:seqinr’:\n\n    translate\n\n\nThe following object is masked from ‘package:base’:\n\n    strsplit\n\n\nPackage:  markovchain\nVersion:  0.9.1\nDate:     2023-01-20\nBugReport: https://github.com/spedygiorgio/markovchain/issues\n\n\n","output_type":"stream"}]},{"cell_type":"code","source":"data=read.fasta('/kaggle/input/hev-sequence-data/HEV.txt',seqtype =\"DNA\")\nset.seed(126)\nsequences=sample(data,10)\nminimum=min(unlist(lapply(sequences,function(x) length(x))));minimum\nsequence_len = lapply(sequences,function(x) x[1:minimum])\nsequence_dna=lapply(sequence_len, paste, collapse = \"\")\nnchar(sequence_dna)        # for checking equal length\n#lapply(sequences,function(x) table(x))\nnames(sequence_dna)\n","metadata":{"execution":{"iopub.status.busy":"2023-05-04T16:43:58.624955Z","iopub.execute_input":"2023-05-04T16:43:58.667896Z","iopub.status.idle":"2023-05-04T16:43:58.843832Z"},"trusted":true},"execution_count":2,"outputs":[{"output_type":"display_data","data":{"text/html":"2104","text/markdown":"2104","text/latex":"2104","text/plain":"[1] 2104"},"metadata":{}},{"output_type":"display_data","data":{"text/html":"<style>\n.dl-inline {width: auto; margin:0; padding: 0}\n.dl-inline>dt, .dl-inline>dd {float: none; width: auto; display: inline-block}\n.dl-inline>dt::after {content: \":\\0020\"; padding-right: .5ex}\n.dl-inline>dt:not(:first-of-type) {padding-left: .5ex}\n</style><dl class=dl-inline><dt>4AB097812</dt><dd>2104</dd><dt>4AB291968</dt><dd>2104</dd><dt>3FJ906896</dt><dd>2104</dd><dt>3bAB291953</dt><dd>2104</dd><dt>3fEU723514</dt><dd>2104</dd><dt>4AB220973</dt><dd>2104</dd><dt>4AB074915</dt><dd>2104</dd><dt>3bAB291955</dt><dd>2104</dd><dt>1AF051351</dt><dd>2104</dd><dt>4GU206559</dt><dd>2104</dd></dl>\n","text/markdown":"4AB097812\n:   21044AB291968\n:   21043FJ906896\n:   21043bAB291953\n:   21043fEU723514\n:   21044AB220973\n:   21044AB074915\n:   21043bAB291955\n:   21041AF051351\n:   21044GU206559\n:   2104\n\n","text/latex":"\\begin{description*}\n\\item[4AB097812] 2104\n\\item[4AB291968] 2104\n\\item[3FJ906896] 2104\n\\item[3bAB291953] 2104\n\\item[3fEU723514] 2104\n\\item[4AB220973] 2104\n\\item[4AB074915] 2104\n\\item[3bAB291955] 2104\n\\item[1AF051351] 2104\n\\item[4GU206559] 2104\n\\end{description*}\n","text/plain":" 4AB097812  4AB291968  3FJ906896 3bAB291953 3fEU723514  4AB220973  4AB074915 \n      2104       2104       2104       2104       2104       2104       2104 \n3bAB291955  1AF051351  4GU206559 \n      2104       2104       2104 "},"metadata":{}},{"output_type":"display_data","data":{"text/html":"<style>\n.list-inline {list-style: none; margin:0; padding: 0}\n.list-inline>li {display: inline-block}\n.list-inline>li:not(:last-child)::after {content: \"\\00b7\"; padding: 0 .5ex}\n</style>\n<ol class=list-inline><li>'4AB097812'</li><li>'4AB291968'</li><li>'3FJ906896'</li><li>'3bAB291953'</li><li>'3fEU723514'</li><li>'4AB220973'</li><li>'4AB074915'</li><li>'3bAB291955'</li><li>'1AF051351'</li><li>'4GU206559'</li></ol>\n","text/markdown":"1. '4AB097812'\n2. '4AB291968'\n3. '3FJ906896'\n4. '3bAB291953'\n5. '3fEU723514'\n6. '4AB220973'\n7. '4AB074915'\n8. '3bAB291955'\n9. '1AF051351'\n10. '4GU206559'\n\n\n","text/latex":"\\begin{enumerate*}\n\\item '4AB097812'\n\\item '4AB291968'\n\\item '3FJ906896'\n\\item '3bAB291953'\n\\item '3fEU723514'\n\\item '4AB220973'\n\\item '4AB074915'\n\\item '3bAB291955'\n\\item '1AF051351'\n\\item '4GU206559'\n\\end{enumerate*}\n","text/plain":" [1] \"4AB097812\"  \"4AB291968\"  \"3FJ906896\"  \"3bAB291953\" \"3fEU723514\"\n [6] \"4AB220973\"  \"4AB074915\"  \"3bAB291955\" \"1AF051351\"  \"4GU206559\" "},"metadata":{}}]},{"cell_type":"code","source":"library(Biostrings)\nlibrary(stringr)\n\n# Load the genome sequence\nfor (j in 1:length(sequence_dna)) {\n  genome <- DNAString(as.character(sequence_dna[j]))\n\n  # Define the window size, CpG ratio threshold, and CpG observed/expected threshold for CpG island identification\n  window_size <- 200\n  cpg_ratio_threshold <- 0.6\n  cpg_obs_exp_threshold <- 0.5\n\n  # Calculate the CpG ratio and observed/expected values for each window\n  cpg_ratio <- numeric(length(genome))\n  cpg_obs_exp <- numeric(length(genome))\n  for (i in window_size:length(genome)) {\n    window <- genome[(i-window_size+1):i]\n    cpg_count <- countPattern(\"CG\",window)\n    c_count <- countPattern(\"C\",window)\n    g_count <- countPattern(\"G\",window)\n    cpg_ratio[i] <- cpg_count / window_size\n    cpg_obs_exp[i] <- cpg_count * c_count * g_count / (window_size^2)\n  }\n\n  # Identify the CpG islands based on the threshold values\n  island_start <- 0\n  island_end <- NULL\n  for (i in window_size:length(genome)) {\n    if (cpg_ratio[i] >= cpg_ratio_threshold && cpg_obs_exp[i] >= cpg_obs_exp_threshold) {\n      if (island_start == 0) {\n        island_start <- i\n      }\n    } else {\n      if (island_start != 0) {\n        island_end <- i - 1\n        island_size <- island_end - island_start + 1\n        cat(\"CpG island found at\", island_start, \"-\", island_end, \"with size\", island_size, \"\\n\")\n        island_start <- 0\n        island_end <- NULL\n      }\n    }\n  }\n}","metadata":{"execution":{"iopub.status.busy":"2023-05-04T17:41:35.602375Z","iopub.execute_input":"2023-05-04T17:41:35.603966Z","iopub.status.idle":"2023-05-04T17:42:24.192321Z"},"trusted":true},"execution_count":46,"outputs":[]},{"cell_type":"markdown","source":"### Q.7. CpG Island","metadata":{}},{"cell_type":"code","source":"library(Biostrings)\nlibrary(stringr)\n\n# Load the genome sequence\ngenome<-NULL\nfor (j in 1:length(sequence_dna)) {\n  genome <- DNAString(as.character(sequence_dna[j]))\n # print(paste(\"Length of genome:\", length(genome)))\n\n  # Define the window size, CpG ratio threshold, and CpG observed/expected threshold for CpG island identification\n  window_size <- 200\n  cpg_ratio_threshold <- 0.1\n  cpg_obs_exp_threshold <- 0.2\n\n  # Calculate the CpG ratio and observed/expected values for each window\n  cpg_ratio <- numeric(length(genome))\n  cpg_obs_exp <- numeric(length(genome))\n  for (i in window_size:length(genome)) {\n    window <- genome[(i-window_size+1):i]\n    cpg_count <- countPattern(\"CG\",window)\n    c_count <- countPattern(\"C\",window)\n    g_count <- countPattern(\"G\",window)\n    cpg_ratio[i] <- cpg_count / window_size\n    cpg_obs_exp[i] <- cpg_count * c_count * g_count / (window_size^2)\n    #print(paste(\"Window:\", i, \"CpG ratio:\", cpg_ratio[i], \"CpG obs/exp:\", cpg_obs_exp[i]))\n  }\n\n  # Identify the CpG islands based on the threshold values\n  island_start <- 0\n  island_end <- NULL\n  for (i in window_size:length(genome)) {\n    if (cpg_ratio[i] >= cpg_ratio_threshold && cpg_obs_exp[i] >= cpg_obs_exp_threshold) {\n      if (island_start == 0) {\n        island_start <- i\n      }\n    } else {\n      if (island_start != 0) {\n        island_end <- i - 1\n        island_size <- island_end - island_start + 1\n        cat(\"CpG island found at\", island_start, \"-\", island_end, \"with size\", island_size,\"for the sequence: \",names(sequence_dna[j]), \"\\n\")\n        island_start <- 0\n        island_end <- NULL\n      }\n    }\n  }\n}","metadata":{"execution":{"iopub.status.busy":"2023-05-04T18:14:54.955729Z","iopub.execute_input":"2023-05-04T18:14:54.958370Z","iopub.status.idle":"2023-05-04T18:15:43.492038Z"},"trusted":true},"execution_count":61,"outputs":[{"name":"stdout","text":"CpG island found at 396 - 396 with size 1 for the sequence:  4AB097812 \nCpG island found at 398 - 477 with size 80 for the sequence:  4AB097812 \nCpG island found at 479 - 515 with size 37 for the sequence:  4AB097812 \nCpG island found at 932 - 934 with size 3 for the sequence:  3FJ906896 \nCpG island found at 1791 - 1834 with size 44 for the sequence:  3bAB291953 \nCpG island found at 408 - 413 with size 6 for the sequence:  4AB074915 \nCpG island found at 416 - 454 with size 39 for the sequence:  4AB074915 \nCpG island found at 475 - 478 with size 4 for the sequence:  4AB074915 \nCpG island found at 486 - 486 with size 1 for the sequence:  4AB074915 \nCpG island found at 526 - 599 with size 74 for the sequence:  4AB074915 \nCpG island found at 1791 - 1834 with size 44 for the sequence:  3bAB291955 \nCpG island found at 233 - 434 with size 202 for the sequence:  1AF051351 \nCpG island found at 443 - 605 with size 163 for the sequence:  1AF051351 \nCpG island found at 607 - 615 with size 9 for the sequence:  1AF051351 \nCpG island found at 1218 - 1245 with size 28 for the sequence:  1AF051351 \nCpG island found at 1273 - 1273 with size 1 for the sequence:  1AF051351 \nCpG island found at 1295 - 1298 with size 4 for the sequence:  1AF051351 \nCpG island found at 1692 - 1693 with size 2 for the sequence:  1AF051351 \n","output_type":"stream"}]},{"cell_type":"code","source":"# Entropy for each sequence\nS=sequence_len\nn=length(S[[1]])\nA=c();G=c();C=c();T=c()\n p=c()\n H=c()\n for(i in 1:10)\n {\n A[i]=length(subset(S[[i]],S[[i]]==\"a\"))\n G[i]=length(subset(S[[i]],S[[i]]==\"g\"))\n C[i]=length(subset(S[[i]],S[[i]]==\"c\"))\n T[i]=length(subset(S[[i]],S[[i]]==\"t\"))\n p[[i]]=c(A[i]/n,G[i]/n,C[i]/n,T[i]/n)\n H[i]=sum((-p[[i]])*log2(p[[i]]))\n }\nH\n","metadata":{"execution":{"iopub.status.busy":"2023-04-16T20:03:51.273751Z","iopub.execute_input":"2023-04-16T20:03:51.275413Z","iopub.status.idle":"2023-04-16T20:03:51.332306Z"},"trusted":true},"execution_count":8,"outputs":[{"output_type":"display_data","data":{"text/html":"<style>\n.list-inline {list-style: none; margin:0; padding: 0}\n.list-inline>li {display: inline-block}\n.list-inline>li:not(:last-child)::after {content: \"\\00b7\"; padding: 0 .5ex}\n</style>\n<ol class=list-inline><li>1.97841780197286</li><li>1.97784939243157</li><li>1.97636702133145</li><li>1.98166609889826</li><li>1.97978243637132</li><li>1.97888267199973</li><li>1.97759275127024</li><li>1.98164802161924</li><li>1.96340737768687</li><li>1.97990608733917</li></ol>\n","text/markdown":"1. 1.97841780197286\n2. 1.97784939243157\n3. 1.97636702133145\n4. 1.98166609889826\n5. 1.97978243637132\n6. 1.97888267199973\n7. 1.97759275127024\n8. 1.98164802161924\n9. 1.96340737768687\n10. 1.97990608733917\n\n\n","text/latex":"\\begin{enumerate*}\n\\item 1.97841780197286\n\\item 1.97784939243157\n\\item 1.97636702133145\n\\item 1.98166609889826\n\\item 1.97978243637132\n\\item 1.97888267199973\n\\item 1.97759275127024\n\\item 1.98164802161924\n\\item 1.96340737768687\n\\item 1.97990608733917\n\\end{enumerate*}\n","text/plain":" [1] 1.978418 1.977849 1.976367 1.981666 1.979782 1.978883 1.977593 1.981648\n [9] 1.963407 1.979906"},"metadata":{}}]},{"cell_type":"code","source":"aa=seq(1,length(sequence_len[[1]]),by=floor(length(sequence_len[[1]])*0.1));\nmid=aa[5:6]\nS=sequence_len\n#last_10=floor(length(sequence_len[[1]])*0.9);last_10\n#last=length(sequence_len[[1]])-last_10\n# Mutual Information for each sequence\n library(infotheo)\nm=matrix(nrow=10,ncol=(mid[2]-mid[1]+1))\nfor(i in 1:10)\n {\n m[i,]=S[[i]][mid[1]:mid[2]]\n }\n MIC1=matrix(nrow=10,ncol=10)\n for(i in 1:10)\n {\n for(j in 1:10)\n {\n\n MIC1[i,j]=mutinformation(m[i,],m[j,])\n }\n }\nMIC1","metadata":{"execution":{"iopub.status.busy":"2023-04-16T18:21:34.239296Z","iopub.execute_input":"2023-04-16T18:21:34.240829Z","iopub.status.idle":"2023-04-16T18:21:34.433052Z"},"trusted":true},"execution_count":57,"outputs":[{"output_type":"display_data","data":{"text/html":"<table class=\"dataframe\">\n<caption>A matrix: 10 × 10 of type dbl</caption>\n<tbody>\n\t<tr><td>1.36035460</td><td>1.08328229</td><td>0.02415146</td><td>0.044535255</td><td>0.67314381</td><td>1.12557820</td><td>0.019563587</td><td>0.044535255</td><td>0.02358522</td><td>0.870499024</td></tr>\n\t<tr><td>1.08328229</td><td>1.35365665</td><td>0.03313750</td><td>0.030899968</td><td>0.69742743</td><td>1.30969958</td><td>0.012108146</td><td>0.030899968</td><td>0.02134743</td><td>0.915990669</td></tr>\n\t<tr><td>0.02415146</td><td>0.03313750</td><td>1.36098549</td><td>0.020384230</td><td>0.02201911</td><td>0.03487477</td><td>0.031327998</td><td>0.020384230</td><td>0.01306289</td><td>0.029771983</td></tr>\n\t<tr><td>0.04453525</td><td>0.03089997</td><td>0.02038423</td><td>1.348968812</td><td>0.03907729</td><td>0.03492659</td><td>0.008021858</td><td>1.348968812</td><td>0.01258196</td><td>0.033051791</td></tr>\n\t<tr><td>0.67314381</td><td>0.69742743</td><td>0.02201911</td><td>0.039077290</td><td>1.34449483</td><td>0.71659889</td><td>0.015497851</td><td>0.039077290</td><td>0.01551235</td><td>0.713017294</td></tr>\n\t<tr><td>1.12557820</td><td>1.30969958</td><td>0.03487477</td><td>0.034926585</td><td>0.71659889</td><td>1.35881845</td><td>0.013721046</td><td>0.034926585</td><td>0.02126705</td><td>0.954430210</td></tr>\n\t<tr><td>0.01956359</td><td>0.01210815</td><td>0.03132800</td><td>0.008021858</td><td>0.01549785</td><td>0.01372105</td><td>1.350478460</td><td>0.008021858</td><td>0.01519845</td><td>0.009111619</td></tr>\n\t<tr><td>0.04453525</td><td>0.03089997</td><td>0.02038423</td><td>1.348968812</td><td>0.03907729</td><td>0.03492659</td><td>0.008021858</td><td>1.348968812</td><td>0.01258196</td><td>0.033051791</td></tr>\n\t<tr><td>0.02358522</td><td>0.02134743</td><td>0.01306289</td><td>0.012581957</td><td>0.01551235</td><td>0.02126705</td><td>0.015198448</td><td>0.012581957</td><td>1.37113005</td><td>0.016059307</td></tr>\n\t<tr><td>0.87049902</td><td>0.91599067</td><td>0.02977198</td><td>0.033051791</td><td>0.71301729</td><td>0.95443021</td><td>0.009111619</td><td>0.033051791</td><td>0.01605931</td><td>1.353659475</td></tr>\n</tbody>\n</table>\n","text/markdown":"\nA matrix: 10 × 10 of type dbl\n\n| 1.36035460 | 1.08328229 | 0.02415146 | 0.044535255 | 0.67314381 | 1.12557820 | 0.019563587 | 0.044535255 | 0.02358522 | 0.870499024 |\n| 1.08328229 | 1.35365665 | 0.03313750 | 0.030899968 | 0.69742743 | 1.30969958 | 0.012108146 | 0.030899968 | 0.02134743 | 0.915990669 |\n| 0.02415146 | 0.03313750 | 1.36098549 | 0.020384230 | 0.02201911 | 0.03487477 | 0.031327998 | 0.020384230 | 0.01306289 | 0.029771983 |\n| 0.04453525 | 0.03089997 | 0.02038423 | 1.348968812 | 0.03907729 | 0.03492659 | 0.008021858 | 1.348968812 | 0.01258196 | 0.033051791 |\n| 0.67314381 | 0.69742743 | 0.02201911 | 0.039077290 | 1.34449483 | 0.71659889 | 0.015497851 | 0.039077290 | 0.01551235 | 0.713017294 |\n| 1.12557820 | 1.30969958 | 0.03487477 | 0.034926585 | 0.71659889 | 1.35881845 | 0.013721046 | 0.034926585 | 0.02126705 | 0.954430210 |\n| 0.01956359 | 0.01210815 | 0.03132800 | 0.008021858 | 0.01549785 | 0.01372105 | 1.350478460 | 0.008021858 | 0.01519845 | 0.009111619 |\n| 0.04453525 | 0.03089997 | 0.02038423 | 1.348968812 | 0.03907729 | 0.03492659 | 0.008021858 | 1.348968812 | 0.01258196 | 0.033051791 |\n| 0.02358522 | 0.02134743 | 0.01306289 | 0.012581957 | 0.01551235 | 0.02126705 | 0.015198448 | 0.012581957 | 1.37113005 | 0.016059307 |\n| 0.87049902 | 0.91599067 | 0.02977198 | 0.033051791 | 0.71301729 | 0.95443021 | 0.009111619 | 0.033051791 | 0.01605931 | 1.353659475 |\n\n","text/latex":"A matrix: 10 × 10 of type dbl\n\\begin{tabular}{llllllllll}\n\t 1.36035460 & 1.08328229 & 0.02415146 & 0.044535255 & 0.67314381 & 1.12557820 & 0.019563587 & 0.044535255 & 0.02358522 & 0.870499024\\\\\n\t 1.08328229 & 1.35365665 & 0.03313750 & 0.030899968 & 0.69742743 & 1.30969958 & 0.012108146 & 0.030899968 & 0.02134743 & 0.915990669\\\\\n\t 0.02415146 & 0.03313750 & 1.36098549 & 0.020384230 & 0.02201911 & 0.03487477 & 0.031327998 & 0.020384230 & 0.01306289 & 0.029771983\\\\\n\t 0.04453525 & 0.03089997 & 0.02038423 & 1.348968812 & 0.03907729 & 0.03492659 & 0.008021858 & 1.348968812 & 0.01258196 & 0.033051791\\\\\n\t 0.67314381 & 0.69742743 & 0.02201911 & 0.039077290 & 1.34449483 & 0.71659889 & 0.015497851 & 0.039077290 & 0.01551235 & 0.713017294\\\\\n\t 1.12557820 & 1.30969958 & 0.03487477 & 0.034926585 & 0.71659889 & 1.35881845 & 0.013721046 & 0.034926585 & 0.02126705 & 0.954430210\\\\\n\t 0.01956359 & 0.01210815 & 0.03132800 & 0.008021858 & 0.01549785 & 0.01372105 & 1.350478460 & 0.008021858 & 0.01519845 & 0.009111619\\\\\n\t 0.04453525 & 0.03089997 & 0.02038423 & 1.348968812 & 0.03907729 & 0.03492659 & 0.008021858 & 1.348968812 & 0.01258196 & 0.033051791\\\\\n\t 0.02358522 & 0.02134743 & 0.01306289 & 0.012581957 & 0.01551235 & 0.02126705 & 0.015198448 & 0.012581957 & 1.37113005 & 0.016059307\\\\\n\t 0.87049902 & 0.91599067 & 0.02977198 & 0.033051791 & 0.71301729 & 0.95443021 & 0.009111619 & 0.033051791 & 0.01605931 & 1.353659475\\\\\n\\end{tabular}\n","text/plain":"      [,1]       [,2]       [,3]       [,4]        [,5]       [,6]      \n [1,] 1.36035460 1.08328229 0.02415146 0.044535255 0.67314381 1.12557820\n [2,] 1.08328229 1.35365665 0.03313750 0.030899968 0.69742743 1.30969958\n [3,] 0.02415146 0.03313750 1.36098549 0.020384230 0.02201911 0.03487477\n [4,] 0.04453525 0.03089997 0.02038423 1.348968812 0.03907729 0.03492659\n [5,] 0.67314381 0.69742743 0.02201911 0.039077290 1.34449483 0.71659889\n [6,] 1.12557820 1.30969958 0.03487477 0.034926585 0.71659889 1.35881845\n [7,] 0.01956359 0.01210815 0.03132800 0.008021858 0.01549785 0.01372105\n [8,] 0.04453525 0.03089997 0.02038423 1.348968812 0.03907729 0.03492659\n [9,] 0.02358522 0.02134743 0.01306289 0.012581957 0.01551235 0.02126705\n[10,] 0.87049902 0.91599067 0.02977198 0.033051791 0.71301729 0.95443021\n      [,7]        [,8]        [,9]       [,10]      \n [1,] 0.019563587 0.044535255 0.02358522 0.870499024\n [2,] 0.012108146 0.030899968 0.02134743 0.915990669\n [3,] 0.031327998 0.020384230 0.01306289 0.029771983\n [4,] 0.008021858 1.348968812 0.01258196 0.033051791\n [5,] 0.015497851 0.039077290 0.01551235 0.713017294\n [6,] 0.013721046 0.034926585 0.02126705 0.954430210\n [7,] 1.350478460 0.008021858 0.01519845 0.009111619\n [8,] 0.008021858 1.348968812 0.01258196 0.033051791\n [9,] 0.015198448 0.012581957 1.37113005 0.016059307\n[10,] 0.009111619 0.033051791 0.01605931 1.353659475"},"metadata":{}}]},{"cell_type":"code","source":"#aa=seq(1,length(sequence_len[[1]]),by=floor(length(sequence_len[[1]])*0.1));\n#mid=aa[5:6]\nS=sequence_len\n#last_10=floor(length(sequence_len[[1]])*0.9);last_10\n#last=length(sequence_len[[1]])-last_10\n# Mutual Information for each sequence\nlibrary(infotheo)\nm=matrix(nrow=10,ncol=(length(S[[1]])))\nfor(i in 1:10)\n {\n m[i,]=S[[i]]#[mid[1]:mid[2]]\n }\n MIC1=matrix(nrow=10,ncol=10)\n for(i in 1:10)\n {\n for(j in 1:10)\n {\n\n MIC1[i,j]=mutinformation(m[i,],m[j,])\n }\n }\nMIC1","metadata":{"execution":{"iopub.status.busy":"2023-04-17T08:13:29.461111Z","iopub.execute_input":"2023-04-17T08:13:29.463126Z","iopub.status.idle":"2023-04-17T08:13:30.372943Z"},"trusted":true},"execution_count":3,"outputs":[{"output_type":"display_data","data":{"text/html":"<table class=\"dataframe\">\n<caption>A matrix: 10 × 10 of type dbl</caption>\n<tbody>\n\t<tr><td>1.371334721</td><td>0.989467916</td><td>0.007653479</td><td>0.004333823</td><td>0.526403839</td><td>0.999167776</td><td>0.002253650</td><td>0.004544496</td><td>0.003958231</td><td>0.861897652</td></tr>\n\t<tr><td>0.989467916</td><td>1.370940730</td><td>0.007197695</td><td>0.003157297</td><td>0.539453589</td><td>1.262465064</td><td>0.001492807</td><td>0.003469335</td><td>0.003134577</td><td>0.856539430</td></tr>\n\t<tr><td>0.007653479</td><td>0.007197695</td><td>1.369913229</td><td>0.001808690</td><td>0.007123265</td><td>0.007375099</td><td>0.002812794</td><td>0.001818268</td><td>0.001931557</td><td>0.008576110</td></tr>\n\t<tr><td>0.004333823</td><td>0.003157297</td><td>0.001808690</td><td>1.373586269</td><td>0.003244796</td><td>0.003305043</td><td>0.002130515</td><td>1.342571695</td><td>0.001514066</td><td>0.004477738</td></tr>\n\t<tr><td>0.526403839</td><td>0.539453589</td><td>0.007123265</td><td>0.003244796</td><td>1.372280614</td><td>0.536396240</td><td>0.002471962</td><td>0.003492345</td><td>0.003989630</td><td>0.522554969</td></tr>\n\t<tr><td>0.999167776</td><td>1.262465064</td><td>0.007375099</td><td>0.003305043</td><td>0.536396240</td><td>1.371656945</td><td>0.001364355</td><td>0.003631629</td><td>0.002811507</td><td>0.864657874</td></tr>\n\t<tr><td>0.002253650</td><td>0.001492807</td><td>0.002812794</td><td>0.002130515</td><td>0.002471962</td><td>0.001364355</td><td>1.370762840</td><td>0.001658846</td><td>0.001540050</td><td>0.002159864</td></tr>\n\t<tr><td>0.004544496</td><td>0.003469335</td><td>0.001818268</td><td>1.342571695</td><td>0.003492345</td><td>0.003631629</td><td>0.001658846</td><td>1.373573739</td><td>0.001718748</td><td>0.004769033</td></tr>\n\t<tr><td>0.003958231</td><td>0.003134577</td><td>0.001931557</td><td>0.001514066</td><td>0.003989630</td><td>0.002811507</td><td>0.001540050</td><td>0.001718748</td><td>1.360930288</td><td>0.003426022</td></tr>\n\t<tr><td>0.861897652</td><td>0.856539430</td><td>0.008576110</td><td>0.004477738</td><td>0.522554969</td><td>0.864657874</td><td>0.002159864</td><td>0.004769033</td><td>0.003426022</td><td>1.372366322</td></tr>\n</tbody>\n</table>\n","text/markdown":"\nA matrix: 10 × 10 of type dbl\n\n| 1.371334721 | 0.989467916 | 0.007653479 | 0.004333823 | 0.526403839 | 0.999167776 | 0.002253650 | 0.004544496 | 0.003958231 | 0.861897652 |\n| 0.989467916 | 1.370940730 | 0.007197695 | 0.003157297 | 0.539453589 | 1.262465064 | 0.001492807 | 0.003469335 | 0.003134577 | 0.856539430 |\n| 0.007653479 | 0.007197695 | 1.369913229 | 0.001808690 | 0.007123265 | 0.007375099 | 0.002812794 | 0.001818268 | 0.001931557 | 0.008576110 |\n| 0.004333823 | 0.003157297 | 0.001808690 | 1.373586269 | 0.003244796 | 0.003305043 | 0.002130515 | 1.342571695 | 0.001514066 | 0.004477738 |\n| 0.526403839 | 0.539453589 | 0.007123265 | 0.003244796 | 1.372280614 | 0.536396240 | 0.002471962 | 0.003492345 | 0.003989630 | 0.522554969 |\n| 0.999167776 | 1.262465064 | 0.007375099 | 0.003305043 | 0.536396240 | 1.371656945 | 0.001364355 | 0.003631629 | 0.002811507 | 0.864657874 |\n| 0.002253650 | 0.001492807 | 0.002812794 | 0.002130515 | 0.002471962 | 0.001364355 | 1.370762840 | 0.001658846 | 0.001540050 | 0.002159864 |\n| 0.004544496 | 0.003469335 | 0.001818268 | 1.342571695 | 0.003492345 | 0.003631629 | 0.001658846 | 1.373573739 | 0.001718748 | 0.004769033 |\n| 0.003958231 | 0.003134577 | 0.001931557 | 0.001514066 | 0.003989630 | 0.002811507 | 0.001540050 | 0.001718748 | 1.360930288 | 0.003426022 |\n| 0.861897652 | 0.856539430 | 0.008576110 | 0.004477738 | 0.522554969 | 0.864657874 | 0.002159864 | 0.004769033 | 0.003426022 | 1.372366322 |\n\n","text/latex":"A matrix: 10 × 10 of type dbl\n\\begin{tabular}{llllllllll}\n\t 1.371334721 & 0.989467916 & 0.007653479 & 0.004333823 & 0.526403839 & 0.999167776 & 0.002253650 & 0.004544496 & 0.003958231 & 0.861897652\\\\\n\t 0.989467916 & 1.370940730 & 0.007197695 & 0.003157297 & 0.539453589 & 1.262465064 & 0.001492807 & 0.003469335 & 0.003134577 & 0.856539430\\\\\n\t 0.007653479 & 0.007197695 & 1.369913229 & 0.001808690 & 0.007123265 & 0.007375099 & 0.002812794 & 0.001818268 & 0.001931557 & 0.008576110\\\\\n\t 0.004333823 & 0.003157297 & 0.001808690 & 1.373586269 & 0.003244796 & 0.003305043 & 0.002130515 & 1.342571695 & 0.001514066 & 0.004477738\\\\\n\t 0.526403839 & 0.539453589 & 0.007123265 & 0.003244796 & 1.372280614 & 0.536396240 & 0.002471962 & 0.003492345 & 0.003989630 & 0.522554969\\\\\n\t 0.999167776 & 1.262465064 & 0.007375099 & 0.003305043 & 0.536396240 & 1.371656945 & 0.001364355 & 0.003631629 & 0.002811507 & 0.864657874\\\\\n\t 0.002253650 & 0.001492807 & 0.002812794 & 0.002130515 & 0.002471962 & 0.001364355 & 1.370762840 & 0.001658846 & 0.001540050 & 0.002159864\\\\\n\t 0.004544496 & 0.003469335 & 0.001818268 & 1.342571695 & 0.003492345 & 0.003631629 & 0.001658846 & 1.373573739 & 0.001718748 & 0.004769033\\\\\n\t 0.003958231 & 0.003134577 & 0.001931557 & 0.001514066 & 0.003989630 & 0.002811507 & 0.001540050 & 0.001718748 & 1.360930288 & 0.003426022\\\\\n\t 0.861897652 & 0.856539430 & 0.008576110 & 0.004477738 & 0.522554969 & 0.864657874 & 0.002159864 & 0.004769033 & 0.003426022 & 1.372366322\\\\\n\\end{tabular}\n","text/plain":"      [,1]        [,2]        [,3]        [,4]        [,5]        [,6]       \n [1,] 1.371334721 0.989467916 0.007653479 0.004333823 0.526403839 0.999167776\n [2,] 0.989467916 1.370940730 0.007197695 0.003157297 0.539453589 1.262465064\n [3,] 0.007653479 0.007197695 1.369913229 0.001808690 0.007123265 0.007375099\n [4,] 0.004333823 0.003157297 0.001808690 1.373586269 0.003244796 0.003305043\n [5,] 0.526403839 0.539453589 0.007123265 0.003244796 1.372280614 0.536396240\n [6,] 0.999167776 1.262465064 0.007375099 0.003305043 0.536396240 1.371656945\n [7,] 0.002253650 0.001492807 0.002812794 0.002130515 0.002471962 0.001364355\n [8,] 0.004544496 0.003469335 0.001818268 1.342571695 0.003492345 0.003631629\n [9,] 0.003958231 0.003134577 0.001931557 0.001514066 0.003989630 0.002811507\n[10,] 0.861897652 0.856539430 0.008576110 0.004477738 0.522554969 0.864657874\n      [,7]        [,8]        [,9]        [,10]      \n [1,] 0.002253650 0.004544496 0.003958231 0.861897652\n [2,] 0.001492807 0.003469335 0.003134577 0.856539430\n [3,] 0.002812794 0.001818268 0.001931557 0.008576110\n [4,] 0.002130515 1.342571695 0.001514066 0.004477738\n [5,] 0.002471962 0.003492345 0.003989630 0.522554969\n [6,] 0.001364355 0.003631629 0.002811507 0.864657874\n [7,] 1.370762840 0.001658846 0.001540050 0.002159864\n [8,] 0.001658846 1.373573739 0.001718748 0.004769033\n [9,] 0.001540050 0.001718748 1.360930288 0.003426022\n[10,] 0.002159864 0.004769033 0.003426022 1.372366322"},"metadata":{}}]},{"cell_type":"code","source":"d1=matrix(0,nrow=10,ncol=10)\nfor(i in 1:10)\n {\n for(j in 1:10)\n {\n d1[i,j]=abs(H[i]-H[j])\n\n }\n }\n round (d1,6)","metadata":{"execution":{"iopub.status.busy":"2023-04-16T20:04:45.151746Z","iopub.execute_input":"2023-04-16T20:04:45.154124Z","iopub.status.idle":"2023-04-16T20:04:45.197638Z"},"trusted":true},"execution_count":9,"outputs":[{"output_type":"display_data","data":{"text/html":"<table class=\"dataframe\">\n<caption>A matrix: 10 × 10 of type dbl</caption>\n<tbody>\n\t<tr><td>0.000000</td><td>0.000568</td><td>0.002051</td><td>0.003248</td><td>0.001365</td><td>0.000465</td><td>0.000825</td><td>0.003230</td><td>0.015010</td><td>0.001488</td></tr>\n\t<tr><td>0.000568</td><td>0.000000</td><td>0.001482</td><td>0.003817</td><td>0.001933</td><td>0.001033</td><td>0.000257</td><td>0.003799</td><td>0.014442</td><td>0.002057</td></tr>\n\t<tr><td>0.002051</td><td>0.001482</td><td>0.000000</td><td>0.005299</td><td>0.003415</td><td>0.002516</td><td>0.001226</td><td>0.005281</td><td>0.012960</td><td>0.003539</td></tr>\n\t<tr><td>0.003248</td><td>0.003817</td><td>0.005299</td><td>0.000000</td><td>0.001884</td><td>0.002783</td><td>0.004073</td><td>0.000018</td><td>0.018259</td><td>0.001760</td></tr>\n\t<tr><td>0.001365</td><td>0.001933</td><td>0.003415</td><td>0.001884</td><td>0.000000</td><td>0.000900</td><td>0.002190</td><td>0.001866</td><td>0.016375</td><td>0.000124</td></tr>\n\t<tr><td>0.000465</td><td>0.001033</td><td>0.002516</td><td>0.002783</td><td>0.000900</td><td>0.000000</td><td>0.001290</td><td>0.002765</td><td>0.015475</td><td>0.001023</td></tr>\n\t<tr><td>0.000825</td><td>0.000257</td><td>0.001226</td><td>0.004073</td><td>0.002190</td><td>0.001290</td><td>0.000000</td><td>0.004055</td><td>0.014185</td><td>0.002313</td></tr>\n\t<tr><td>0.003230</td><td>0.003799</td><td>0.005281</td><td>0.000018</td><td>0.001866</td><td>0.002765</td><td>0.004055</td><td>0.000000</td><td>0.018241</td><td>0.001742</td></tr>\n\t<tr><td>0.015010</td><td>0.014442</td><td>0.012960</td><td>0.018259</td><td>0.016375</td><td>0.015475</td><td>0.014185</td><td>0.018241</td><td>0.000000</td><td>0.016499</td></tr>\n\t<tr><td>0.001488</td><td>0.002057</td><td>0.003539</td><td>0.001760</td><td>0.000124</td><td>0.001023</td><td>0.002313</td><td>0.001742</td><td>0.016499</td><td>0.000000</td></tr>\n</tbody>\n</table>\n","text/markdown":"\nA matrix: 10 × 10 of type dbl\n\n| 0.000000 | 0.000568 | 0.002051 | 0.003248 | 0.001365 | 0.000465 | 0.000825 | 0.003230 | 0.015010 | 0.001488 |\n| 0.000568 | 0.000000 | 0.001482 | 0.003817 | 0.001933 | 0.001033 | 0.000257 | 0.003799 | 0.014442 | 0.002057 |\n| 0.002051 | 0.001482 | 0.000000 | 0.005299 | 0.003415 | 0.002516 | 0.001226 | 0.005281 | 0.012960 | 0.003539 |\n| 0.003248 | 0.003817 | 0.005299 | 0.000000 | 0.001884 | 0.002783 | 0.004073 | 0.000018 | 0.018259 | 0.001760 |\n| 0.001365 | 0.001933 | 0.003415 | 0.001884 | 0.000000 | 0.000900 | 0.002190 | 0.001866 | 0.016375 | 0.000124 |\n| 0.000465 | 0.001033 | 0.002516 | 0.002783 | 0.000900 | 0.000000 | 0.001290 | 0.002765 | 0.015475 | 0.001023 |\n| 0.000825 | 0.000257 | 0.001226 | 0.004073 | 0.002190 | 0.001290 | 0.000000 | 0.004055 | 0.014185 | 0.002313 |\n| 0.003230 | 0.003799 | 0.005281 | 0.000018 | 0.001866 | 0.002765 | 0.004055 | 0.000000 | 0.018241 | 0.001742 |\n| 0.015010 | 0.014442 | 0.012960 | 0.018259 | 0.016375 | 0.015475 | 0.014185 | 0.018241 | 0.000000 | 0.016499 |\n| 0.001488 | 0.002057 | 0.003539 | 0.001760 | 0.000124 | 0.001023 | 0.002313 | 0.001742 | 0.016499 | 0.000000 |\n\n","text/latex":"A matrix: 10 × 10 of type dbl\n\\begin{tabular}{llllllllll}\n\t 0.000000 & 0.000568 & 0.002051 & 0.003248 & 0.001365 & 0.000465 & 0.000825 & 0.003230 & 0.015010 & 0.001488\\\\\n\t 0.000568 & 0.000000 & 0.001482 & 0.003817 & 0.001933 & 0.001033 & 0.000257 & 0.003799 & 0.014442 & 0.002057\\\\\n\t 0.002051 & 0.001482 & 0.000000 & 0.005299 & 0.003415 & 0.002516 & 0.001226 & 0.005281 & 0.012960 & 0.003539\\\\\n\t 0.003248 & 0.003817 & 0.005299 & 0.000000 & 0.001884 & 0.002783 & 0.004073 & 0.000018 & 0.018259 & 0.001760\\\\\n\t 0.001365 & 0.001933 & 0.003415 & 0.001884 & 0.000000 & 0.000900 & 0.002190 & 0.001866 & 0.016375 & 0.000124\\\\\n\t 0.000465 & 0.001033 & 0.002516 & 0.002783 & 0.000900 & 0.000000 & 0.001290 & 0.002765 & 0.015475 & 0.001023\\\\\n\t 0.000825 & 0.000257 & 0.001226 & 0.004073 & 0.002190 & 0.001290 & 0.000000 & 0.004055 & 0.014185 & 0.002313\\\\\n\t 0.003230 & 0.003799 & 0.005281 & 0.000018 & 0.001866 & 0.002765 & 0.004055 & 0.000000 & 0.018241 & 0.001742\\\\\n\t 0.015010 & 0.014442 & 0.012960 & 0.018259 & 0.016375 & 0.015475 & 0.014185 & 0.018241 & 0.000000 & 0.016499\\\\\n\t 0.001488 & 0.002057 & 0.003539 & 0.001760 & 0.000124 & 0.001023 & 0.002313 & 0.001742 & 0.016499 & 0.000000\\\\\n\\end{tabular}\n","text/plain":"      [,1]     [,2]     [,3]     [,4]     [,5]     [,6]     [,7]     [,8]    \n [1,] 0.000000 0.000568 0.002051 0.003248 0.001365 0.000465 0.000825 0.003230\n [2,] 0.000568 0.000000 0.001482 0.003817 0.001933 0.001033 0.000257 0.003799\n [3,] 0.002051 0.001482 0.000000 0.005299 0.003415 0.002516 0.001226 0.005281\n [4,] 0.003248 0.003817 0.005299 0.000000 0.001884 0.002783 0.004073 0.000018\n [5,] 0.001365 0.001933 0.003415 0.001884 0.000000 0.000900 0.002190 0.001866\n [6,] 0.000465 0.001033 0.002516 0.002783 0.000900 0.000000 0.001290 0.002765\n [7,] 0.000825 0.000257 0.001226 0.004073 0.002190 0.001290 0.000000 0.004055\n [8,] 0.003230 0.003799 0.005281 0.000018 0.001866 0.002765 0.004055 0.000000\n [9,] 0.015010 0.014442 0.012960 0.018259 0.016375 0.015475 0.014185 0.018241\n[10,] 0.001488 0.002057 0.003539 0.001760 0.000124 0.001023 0.002313 0.001742\n      [,9]     [,10]   \n [1,] 0.015010 0.001488\n [2,] 0.014442 0.002057\n [3,] 0.012960 0.003539\n [4,] 0.018259 0.001760\n [5,] 0.016375 0.000124\n [6,] 0.015475 0.001023\n [7,] 0.014185 0.002313\n [8,] 0.018241 0.001742\n [9,] 0.000000 0.016499\n[10,] 0.016499 0.000000"},"metadata":{}}]},{"cell_type":"code","source":"# Define a function to compute the Manhattan distance\nmanhattan_distance <- function(seq1, seq2) {\n  # Convert the sequences to uppercase to ensure consistency\n  seq1 <- toupper(seq1)\n  seq2 <- toupper(seq2)\n  \n  # Compute the length of the sequences\n  len1 <- nchar(seq1)\n  len2 <- nchar(seq2)\n  \n  # Check if the sequences have the same length\n  if (len1 != len2) {\n    stop(\"Sequences have different lengths\")\n  }\n  \n  # Compute the Manhattan distance\n  distance <- sum(abs(as.integer(charToRaw(seq1)) - as.integer(charToRaw(seq2))))\n  \